-3.598438 0.772993 22.635538
-1.165853 1.971643 10.987865
-2.397286 0.657372 22.640734
-1.924127 0.682297 22.660721
-0.959517 1.965173 12.886237
-0.959517 1.965173 12.886237
-1.642534 0.689477 22.208210
-0.419838 1.918879 14.278309
-0.324410 1.891729 15.398783
0.132384 1.641635 21.045498
0.238995 1.477123 20.849939
0.334672 1.591306 19.005878
0.885603 1.097082 21.503256
1.117392 3.886836 24.301460
0.966410 1.028292 21.196140
1.037618 1.059397 21.083565
1.019370 1.084199 20.280331
1.024428 1.879925 19.789068
1.024428 1.879925 19.789068
1.116337 2.715624 20.670343
1.250055 2.679281 20.498348
1.275392 2.735074 20.517820
1.287980 1.030354 21.286724
1.247496 1.501518 19.788937
0.187385 -0.069773 2.860775
1.349522 1.455004 19.207829
1.573243 1.063910 22.419214
1.573243 1.063910 22.419214
1.408234 1.507532 19.330935
1.454782 1.345166 19.692440
1.410171 1.406888 18.735868
1.561459 2.145604 20.068653
1.957913 1.584694 20.010340
2.481164 1.885551 21.086567
2.951483 1.687146 22.929556
2.297254 0.861125 17.030188
4.075883 1.284165 23.267307
